   3.0000000e-01   9.0000000e-01   1.0000000e-01   5.0000000e-01   9.9721000e+01
   3.0000000e-01   5.0000000e-01   5.0000000e-01   2.6667000e-01   9.7567000e+01
   4.0000000e-01   1.0000000e-01   1.0000000e-01   1.0000000e-01   0.0000000e+00
   4.0000000e-01   7.0000000e-01   1.0000000e-01   1.3333000e-01   4.3973000e+01
   2.0000000e-01   1.0000000e-01   9.0000000e-01   2.3333000e-01   8.8845000e+01
   4.0000000e-01   5.0000000e-01   1.0000000e-01   1.0278000e-01   1.8393000e+01
   4.0000000e-01   9.0000000e-01   9.0000000e-01   2.3333000e-01   4.9602000e+01
   3.0000000e-01   1.0000000e-01   3.0000000e-01   1.0556000e-01   7.3945000e+01
   4.0000000e-01   1.0000000e-01   5.0000000e-01   1.1667000e-01   5.9550000e+01
   2.0000000e-01   7.0000000e-01   5.0000000e-01   1.0278000e-01   1.6380000e+01
   3.0000000e-01   5.0000000e-01   9.0000000e-01   1.3333000e-01   8.8477000e+01
   4.0000000e-01   1.0000000e-01   3.0000000e-01   1.1667000e-01   5.4155000e+01
   1.0000000e-01   7.0000000e-01   3.0000000e-01   1.0556000e-01   2.6976000e+01
   4.0000000e-01   7.0000000e-01   9.0000000e-01   2.0000000e-01   4.9672000e+01
   4.0000000e-01   9.0000000e-01   9.0000000e-01   9.0000000e-01   9.2000000e+01
   2.0000000e-01   9.0000000e-01   3.0000000e-01   9.0000000e-01   1.0000000e+02
   4.0000000e-01   5.0000000e-01   3.0000000e-01   1.0278000e-01   1.5543000e+01
   1.0000000e-01   5.0000000e-01   7.0000000e-01   5.0000000e-01   9.3333000e+01
   1.0000000e-01   9.0000000e-01   5.0000000e-01   3.0000000e-01   9.7000000e+01
   4.0000000e-01   1.0000000e-01   1.0000000e-01   1.0556000e-01   5.6580000e+01
   4.0000000e-01   3.0000000e-01   9.0000000e-01   3.0000000e-01   8.9290000e+01
   4.0000000e-01   3.0000000e-01   3.0000000e-01   1.1667000e-01   5.3657000e+01
   4.0000000e-01   7.0000000e-01   3.0000000e-01   1.1667000e-01   3.1919000e+01
   3.0000000e-01   3.0000000e-01   5.0000000e-01   1.3333000e-01   9.6805000e+01
   1.0000000e-01   5.0000000e-01   5.0000000e-01   1.3333000e-01   4.5655000e+01
   1.0000000e-01   7.0000000e-01   1.0000000e-01   1.6667000e-01   8.9469000e+01
   4.0000000e-01   5.0000000e-01   9.0000000e-01   1.0278000e-01   4.3367000e+00
   2.0000000e-01   1.0000000e-01   9.0000000e-01   2.6667000e-01   9.0165000e+01
   1.0000000e-01   9.0000000e-01   3.0000000e-01   2.3333000e-01   9.7000000e+01
   3.0000000e-01   5.0000000e-01   7.0000000e-01   2.6667000e-01   9.8808000e+01
   3.0000000e-01   9.0000000e-01   5.0000000e-01   1.6667000e-01   9.9237000e+01
   3.0000000e-01   3.0000000e-01   7.0000000e-01   1.1667000e-01   8.4380000e+01
   2.0000000e-01   5.0000000e-01   3.0000000e-01   1.6667000e-01   8.5997000e+01
   2.0000000e-01   1.0000000e-01   5.0000000e-01   2.0000000e-01   9.0000000e+01
   3.0000000e-01   9.0000000e-01   9.0000000e-01   2.6667000e-01   9.8415000e+01
   2.0000000e-01   7.0000000e-01   5.0000000e-01   5.0000000e-01   9.6250000e+01
   1.0000000e-01   3.0000000e-01   9.0000000e-01   1.0278000e-01   0.0000000e+00
   2.0000000e-01   9.0000000e-01   1.0000000e-01   1.0278000e-01   5.3683000e+01
   3.0000000e-01   7.0000000e-01   7.0000000e-01   1.6667000e-01   9.7879000e+01
   3.0000000e-01   7.0000000e-01   3.0000000e-01   9.0000000e-01   9.9155000e+01
   2.0000000e-01   3.0000000e-01   9.0000000e-01   2.3333000e-01   9.2500000e+01
   3.0000000e-01   5.0000000e-01   9.0000000e-01   3.0000000e-01   9.2892000e+01
   3.0000000e-01   7.0000000e-01   5.0000000e-01   1.0000000e-01   0.0000000e+00
   2.0000000e-01   7.0000000e-01   9.0000000e-01   1.0278000e-01   1.5219000e+01
   4.0000000e-01   3.0000000e-01   7.0000000e-01   2.0000000e-01   8.8028000e+01
   4.0000000e-01   5.0000000e-01   1.0000000e-01   1.0556000e-01   2.1093000e+01
   1.0000000e-01   1.0000000e-01   3.0000000e-01   1.6667000e-01   9.3395000e+01
   3.0000000e-01   7.0000000e-01   9.0000000e-01   1.6667000e-01   9.6864000e+01
   2.0000000e-01   3.0000000e-01   5.0000000e-01   2.3333000e-01   9.7500000e+01
   3.0000000e-01   5.0000000e-01   7.0000000e-01   5.0000000e-01   9.9177000e+01
   2.0000000e-01   5.0000000e-01   5.0000000e-01   3.0000000e-01   9.6667000e+01
   4.0000000e-01   5.0000000e-01   9.0000000e-01   9.0000000e-01   9.1667000e+01
   2.0000000e-01   1.0000000e-01   1.0000000e-01   1.0278000e-01   5.3795000e+01
   3.0000000e-01   5.0000000e-01   5.0000000e-01   1.0278000e-01   6.2313000e+01
   3.0000000e-01   7.0000000e-01   3.0000000e-01   1.0556000e-01   8.0639000e+01
   4.0000000e-01   1.0000000e-01   5.0000000e-01   1.0556000e-01   4.1370000e+01
   3.0000000e-01   1.0000000e-01   5.0000000e-01   2.6667000e-01   9.3770000e+01
   3.0000000e-01   5.0000000e-01   1.0000000e-01   1.1667000e-01   9.4930000e+01
   4.0000000e-01   9.0000000e-01   3.0000000e-01   5.0000000e-01   9.7000000e+01
   4.0000000e-01   9.0000000e-01   7.0000000e-01   2.6667000e-01   9.3000000e+01
   2.0000000e-01   3.0000000e-01   9.0000000e-01   1.6667000e-01   9.2500000e+01
   2.0000000e-01   7.0000000e-01   1.0000000e-01   1.3333000e-01   6.7757000e+01
   2.0000000e-01   9.0000000e-01   9.0000000e-01   5.0000000e-01   9.6000000e+01
   1.0000000e-01   7.0000000e-01   3.0000000e-01   2.3333000e-01   9.8750000e+01
   4.0000000e-01   1.0000000e-01   9.0000000e-01   1.0556000e-01   1.5055000e+01
   3.0000000e-01   1.0000000e-01   9.0000000e-01   9.0000000e-01   7.7050000e+01
   2.0000000e-01   3.0000000e-01   1.0000000e-01   1.1667000e-01   8.0493000e+01
   3.0000000e-01   9.0000000e-01   3.0000000e-01   1.0278000e-01   5.4911000e+01
   4.0000000e-01   3.0000000e-01   1.0000000e-01   9.0000000e-01   1.0000000e+02
   1.0000000e-01   1.0000000e-01   1.0000000e-01   1.1667000e-01   7.9305000e+01
   1.0000000e-01   5.0000000e-01   3.0000000e-01   2.6667000e-01   1.0000000e+02
   3.0000000e-01   9.0000000e-01   5.0000000e-01   9.0000000e-01   9.9869000e+01
   3.0000000e-01   7.0000000e-01   5.0000000e-01   9.0000000e-01   9.9134000e+01
   4.0000000e-01   1.0000000e-01   1.0000000e-01   1.3333000e-01   8.8775000e+01
   3.0000000e-01   1.0000000e-01   7.0000000e-01   1.0000000e-01   0.0000000e+00
   3.0000000e-01   5.0000000e-01   5.0000000e-01   1.0000000e-01   0.0000000e+00
   1.0000000e-01   7.0000000e-01   1.0000000e-01   9.0000000e-01   1.0000000e+02
   4.0000000e-01   7.0000000e-01   7.0000000e-01   2.6667000e-01   9.1250000e+01
   1.0000000e-01   5.0000000e-01   3.0000000e-01   3.0000000e-01   1.0000000e+02
   4.0000000e-01   3.0000000e-01   5.0000000e-01   3.0000000e-01   9.7500000e+01
   1.0000000e-01   7.0000000e-01   1.0000000e-01   2.3333000e-01   9.8750000e+01
   3.0000000e-01   9.0000000e-01   3.0000000e-01   2.6667000e-01   9.7962000e+01
   2.0000000e-01   9.0000000e-01   7.0000000e-01   2.6667000e-01   9.8000000e+01
   2.0000000e-01   5.0000000e-01   3.0000000e-01   2.0000000e-01   9.3333000e+01
   4.0000000e-01   1.0000000e-01   1.0000000e-01   2.6667000e-01   1.0000000e+02
   1.0000000e-01   7.0000000e-01   5.0000000e-01   1.6667000e-01   8.7240000e+01
   3.0000000e-01   3.0000000e-01   9.0000000e-01   1.6667000e-01   9.3255000e+01
   3.0000000e-01   5.0000000e-01   3.0000000e-01   1.1667000e-01   9.4558000e+01
   2.0000000e-01   7.0000000e-01   9.0000000e-01   1.3333000e-01   3.9708000e+01
   2.0000000e-01   1.0000000e-01   1.0000000e-01   1.0000000e-01   0.0000000e+00
   1.0000000e-01   9.0000000e-01   1.0000000e-01   1.0556000e-01   3.5021000e+01
   4.0000000e-01   1.0000000e-01   9.0000000e-01   5.0000000e-01   8.1885000e+01
   3.0000000e-01   5.0000000e-01   9.0000000e-01   1.1667000e-01   8.0405000e+01
   3.0000000e-01   7.0000000e-01   7.0000000e-01   1.3333000e-01   9.8066000e+01
   4.0000000e-01   1.0000000e-01   3.0000000e-01   2.6667000e-01   1.0000000e+02
   2.0000000e-01   3.0000000e-01   1.0000000e-01   3.0000000e-01   9.7500000e+01
   3.0000000e-01   3.0000000e-01   5.0000000e-01   3.0000000e-01   9.8480000e+01
   3.0000000e-01   9.0000000e-01   5.0000000e-01   1.3333000e-01   9.8812000e+01
   4.0000000e-01   1.0000000e-01   7.0000000e-01   1.0000000e-01   0.0000000e+00
   2.0000000e-01   9.0000000e-01   1.0000000e-01   1.1667000e-01   9.5000000e+01
   2.0000000e-01   5.0000000e-01   1.0000000e-01   3.0000000e-01   9.8333000e+01
   3.0000000e-01   9.0000000e-01   1.0000000e-01   1.6667000e-01   9.9528000e+01
   3.0000000e-01   5.0000000e-01   9.0000000e-01   1.0556000e-01   4.4865000e+01
   4.0000000e-01   9.0000000e-01   5.0000000e-01   2.6667000e-01   9.7000000e+01
   1.0000000e-01   3.0000000e-01   5.0000000e-01   1.0000000e-01   0.0000000e+00
   4.0000000e-01   7.0000000e-01   5.0000000e-01   5.0000000e-01   1.0000000e+02
   2.0000000e-01   7.0000000e-01   9.0000000e-01   1.0556000e-01   1.3549000e+01
   4.0000000e-01   9.0000000e-01   3.0000000e-01   1.6667000e-01   6.7633000e+01
   4.0000000e-01   3.0000000e-01   1.0000000e-01   3.0000000e-01   1.0000000e+02
   1.0000000e-01   9.0000000e-01   9.0000000e-01   1.3333000e-01   1.8364000e+01
   3.0000000e-01   9.0000000e-01   9.0000000e-01   1.6667000e-01   9.6966000e+01
   3.0000000e-01   5.0000000e-01   7.0000000e-01   2.0000000e-01   9.7323000e+01
   3.0000000e-01   9.0000000e-01   9.0000000e-01   1.1667000e-01   7.9622000e+01
   2.0000000e-01   5.0000000e-01   5.0000000e-01   1.3333000e-01   6.0732000e+01
   4.0000000e-01   3.0000000e-01   5.0000000e-01   2.0000000e-01   9.5000000e+01
   4.0000000e-01   3.0000000e-01   7.0000000e-01   3.0000000e-01   9.5000000e+01
   1.0000000e-01   7.0000000e-01   7.0000000e-01   1.6667000e-01   5.2142000e+01
   3.0000000e-01   1.0000000e-01   7.0000000e-01   1.0278000e-01   4.1555000e+01
   3.0000000e-01   9.0000000e-01   3.0000000e-01   5.0000000e-01   9.8297000e+01
   1.0000000e-01   3.0000000e-01   7.0000000e-01   2.0000000e-01   8.8028000e+01
   3.0000000e-01   1.0000000e-01   7.0000000e-01   1.0556000e-01   8.0460000e+01
   3.0000000e-01   3.0000000e-01   3.0000000e-01   1.1667000e-01   9.2733000e+01
   1.0000000e-01   3.0000000e-01   7.0000000e-01   1.3333000e-01   7.8405000e+01
   1.0000000e-01   9.0000000e-01   1.0000000e-01   9.0000000e-01   9.7000000e+01
   1.0000000e-01   3.0000000e-01   5.0000000e-01   1.0278000e-01   2.3385000e+01
   4.0000000e-01   7.0000000e-01   1.0000000e-01   3.0000000e-01   9.0000000e+01
   2.0000000e-01   9.0000000e-01   9.0000000e-01   1.1667000e-01   7.8725000e+01
   1.0000000e-01   1.0000000e-01   1.0000000e-01   1.0278000e-01   2.5355000e+01
   1.0000000e-01   1.0000000e-01   9.0000000e-01   1.0000000e-01   0.0000000e+00
   1.0000000e-01   9.0000000e-01   3.0000000e-01   1.3333000e-01   4.7821000e+01
   1.0000000e-01   3.0000000e-01   1.0000000e-01   1.3333000e-01   8.1735000e+01
   3.0000000e-01   7.0000000e-01   9.0000000e-01   3.0000000e-01   9.4484000e+01
   3.0000000e-01   1.0000000e-01   3.0000000e-01   1.3333000e-01   9.8305000e+01
   1.0000000e-01   7.0000000e-01   7.0000000e-01   1.0556000e-01   2.5546000e+01
   2.0000000e-01   1.0000000e-01   1.0000000e-01   1.6667000e-01   9.3270000e+01
   3.0000000e-01   5.0000000e-01   3.0000000e-01   5.0000000e-01   9.8397000e+01
   4.0000000e-01   3.0000000e-01   7.0000000e-01   2.6667000e-01   9.5000000e+01
   2.0000000e-01   3.0000000e-01   1.0000000e-01   2.6667000e-01   9.7500000e+01
   2.0000000e-01   1.0000000e-01   5.0000000e-01   1.0556000e-01   6.8405000e+01
   4.0000000e-01   5.0000000e-01   7.0000000e-01   1.0556000e-01   1.6020000e+01
   4.0000000e-01   1.0000000e-01   7.0000000e-01   1.0278000e-01   9.8700000e+00
   3.0000000e-01   9.0000000e-01   5.0000000e-01   1.1667000e-01   9.4788000e+01
   4.0000000e-01   3.0000000e-01   1.0000000e-01   2.3333000e-01   1.0000000e+02
   4.0000000e-01   9.0000000e-01   5.0000000e-01   2.3333000e-01   9.7000000e+01
   2.0000000e-01   9.0000000e-01   5.0000000e-01   9.0000000e-01   1.0000000e+02
   2.0000000e-01   9.0000000e-01   7.0000000e-01   1.0278000e-01   4.8577000e+01
   1.0000000e-01   3.0000000e-01   7.0000000e-01   5.0000000e-01   1.0000000e+02
   4.0000000e-01   9.0000000e-01   5.0000000e-01   2.0000000e-01   8.0666000e+01
   3.0000000e-01   9.0000000e-01   9.0000000e-01   5.0000000e-01   9.7046000e+01
   2.0000000e-01   7.0000000e-01   7.0000000e-01   1.3333000e-01   4.3443000e+01
   4.0000000e-01   7.0000000e-01   7.0000000e-01   3.0000000e-01   9.1250000e+01
   4.0000000e-01   9.0000000e-01   1.0000000e-01   1.1667000e-01   5.0870000e+01
   1.0000000e-01   3.0000000e-01   5.0000000e-01   9.0000000e-01   9.7500000e+01
   3.0000000e-01   5.0000000e-01   3.0000000e-01   1.0278000e-01   5.6320000e+01
   2.0000000e-01   5.0000000e-01   5.0000000e-01   1.0000000e-01   0.0000000e+00
   2.0000000e-01   7.0000000e-01   1.0000000e-01   2.6667000e-01   9.7500000e+01
   2.0000000e-01   7.0000000e-01   3.0000000e-01   1.0278000e-01   2.0725000e+01
   3.0000000e-01   9.0000000e-01   7.0000000e-01   3.0000000e-01   9.9998000e+01
   4.0000000e-01   7.0000000e-01   7.0000000e-01   1.6667000e-01   5.2142000e+01
   4.0000000e-01   3.0000000e-01   9.0000000e-01   1.0556000e-01   6.6125000e+00
   1.0000000e-01   5.0000000e-01   1.0000000e-01   5.0000000e-01   1.0000000e+02
   4.0000000e-01   1.0000000e-01   5.0000000e-01   2.0000000e-01   9.5000000e+01
   1.0000000e-01   7.0000000e-01   5.0000000e-01   2.0000000e-01   1.0000000e+02
   1.0000000e-01   9.0000000e-01   7.0000000e-01   9.0000000e-01   9.3000000e+01
   1.0000000e-01   9.0000000e-01   5.0000000e-01   1.0000000e-01   0.0000000e+00
   2.0000000e-01   9.0000000e-01   1.0000000e-01   3.0000000e-01   9.9000000e+01
   3.0000000e-01   7.0000000e-01   7.0000000e-01   3.0000000e-01   9.9641000e+01
   2.0000000e-01   7.0000000e-01   9.0000000e-01   1.6667000e-01   8.4028000e+01
   1.0000000e-01   5.0000000e-01   9.0000000e-01   3.0000000e-01   9.0000000e+01
   3.0000000e-01   5.0000000e-01   1.0000000e-01   1.3333000e-01   9.7213000e+01
   4.0000000e-01   9.0000000e-01   5.0000000e-01   1.0000000e-01   0.0000000e+00
   3.0000000e-01   3.0000000e-01   5.0000000e-01   1.1667000e-01   9.1630000e+01
   2.0000000e-01   9.0000000e-01   3.0000000e-01   2.3333000e-01   9.9000000e+01
   4.0000000e-01   5.0000000e-01   1.0000000e-01   1.1667000e-01   3.1345000e+01
   2.0000000e-01   9.0000000e-01   5.0000000e-01   3.0000000e-01   1.0000000e+02
   1.0000000e-01   3.0000000e-01   1.0000000e-01   9.0000000e-01   1.0000000e+02
   4.0000000e-01   5.0000000e-01   5.0000000e-01   1.0000000e-01   0.0000000e+00
   2.0000000e-01   3.0000000e-01   5.0000000e-01   3.0000000e-01   9.7500000e+01
   4.0000000e-01   9.0000000e-01   9.0000000e-01   3.0000000e-01   9.2000000e+01
   2.0000000e-01   7.0000000e-01   3.0000000e-01   2.0000000e-01   9.3750000e+01
   3.0000000e-01   7.0000000e-01   7.0000000e-01   5.0000000e-01   9.9660000e+01
   3.0000000e-01   9.0000000e-01   9.0000000e-01   3.0000000e-01   9.7871000e+01
   4.0000000e-01   9.0000000e-01   5.0000000e-01   5.0000000e-01   9.7000000e+01
   1.0000000e-01   3.0000000e-01   7.0000000e-01   1.0000000e-01   0.0000000e+00
   2.0000000e-01   7.0000000e-01   9.0000000e-01   3.0000000e-01   9.5000000e+01
   1.0000000e-01   7.0000000e-01   1.0000000e-01   1.0278000e-01   2.7538000e+01
   4.0000000e-01   3.0000000e-01   5.0000000e-01   5.0000000e-01   9.7500000e+01
   2.0000000e-01   3.0000000e-01   5.0000000e-01   5.0000000e-01   1.0000000e+02
   4.0000000e-01   7.0000000e-01   1.0000000e-01   1.0278000e-01   4.3367000e+00
   3.0000000e-01   3.0000000e-01   1.0000000e-01   1.6667000e-01   9.7575000e+01
   3.0000000e-01   3.0000000e-01   3.0000000e-01   9.0000000e-01   9.8218000e+01
   1.0000000e-01   3.0000000e-01   7.0000000e-01   2.6667000e-01   9.5000000e+01
   4.0000000e-01   7.0000000e-01   3.0000000e-01   9.0000000e-01   1.0000000e+02
   4.0000000e-01   7.0000000e-01   7.0000000e-01   9.0000000e-01   9.2500000e+01
   4.0000000e-01   3.0000000e-01   3.0000000e-01   2.3333000e-01   9.5000000e+01
   4.0000000e-01   9.0000000e-01   5.0000000e-01   1.0556000e-01   2.5920000e+01
   4.0000000e-01   1.0000000e-01   7.0000000e-01   2.3333000e-01   8.3795000e+01
   2.0000000e-01   9.0000000e-01   9.0000000e-01   2.0000000e-01   9.6000000e+01
   3.0000000e-01   1.0000000e-01   3.0000000e-01   1.0278000e-01   6.4540000e+01
   4.0000000e-01   1.0000000e-01   9.0000000e-01   2.0000000e-01   7.4955000e+01
   2.0000000e-01   1.0000000e-01   7.0000000e-01   1.3333000e-01   9.3740000e+01
   4.0000000e-01   7.0000000e-01   1.0000000e-01   1.0556000e-01   6.3350000e+00
   3.0000000e-01   9.0000000e-01   7.0000000e-01   1.0556000e-01   6.8169000e+01
   3.0000000e-01   1.0000000e-01   1.0000000e-01   3.0000000e-01   9.7685000e+01
   4.0000000e-01   9.0000000e-01   1.0000000e-01   2.0000000e-01   9.3000000e+01
   4.0000000e-01   9.0000000e-01   1.0000000e-01   1.3333000e-01   5.3709000e+01
   3.0000000e-01   5.0000000e-01   1.0000000e-01   2.0000000e-01   9.7595000e+01
   2.0000000e-01   5.0000000e-01   9.0000000e-01   1.6667000e-01   8.7212000e+01
   1.0000000e-01   7.0000000e-01   7.0000000e-01   2.0000000e-01   6.1584000e+01
   1.0000000e-01   1.0000000e-01   3.0000000e-01   2.3333000e-01   1.0000000e+02
   2.0000000e-01   5.0000000e-01   9.0000000e-01   5.0000000e-01   9.3333000e+01
   4.0000000e-01   3.0000000e-01   5.0000000e-01   1.6667000e-01   8.4285000e+01
   4.0000000e-01   9.0000000e-01   7.0000000e-01   2.0000000e-01   8.5903000e+01
   1.0000000e-01   7.0000000e-01   5.0000000e-01   1.0556000e-01   2.3930000e+01
   1.0000000e-01   7.0000000e-01   1.0000000e-01   5.0000000e-01   1.0000000e+02
   2.0000000e-01   7.0000000e-01   5.0000000e-01   1.0000000e-01   0.0000000e+00
   2.0000000e-01   1.0000000e-01   3.0000000e-01   9.0000000e-01   1.0000000e+02
   4.0000000e-01   7.0000000e-01   3.0000000e-01   2.3333000e-01   9.8750000e+01
   2.0000000e-01   9.0000000e-01   7.0000000e-01   1.3333000e-01   9.6000000e+01
   2.0000000e-01   7.0000000e-01   5.0000000e-01   3.0000000e-01   9.6250000e+01
   2.0000000e-01   1.0000000e-01   7.0000000e-01   2.0000000e-01   9.5000000e+01
   4.0000000e-01   1.0000000e-01   7.0000000e-01   2.0000000e-01   7.6210000e+01
   1.0000000e-01   7.0000000e-01   3.0000000e-01   1.0278000e-01   2.1106000e+01
   4.0000000e-01   5.0000000e-01   7.0000000e-01   2.6667000e-01   9.3333000e+01
   1.0000000e-01   7.0000000e-01   5.0000000e-01   9.0000000e-01   1.0000000e+02
   3.0000000e-01   1.0000000e-01   5.0000000e-01   5.0000000e-01   9.2890000e+01
   2.0000000e-01   3.0000000e-01   5.0000000e-01   1.6667000e-01   9.2500000e+01
   2.0000000e-01   3.0000000e-01   3.0000000e-01   2.6667000e-01   9.7500000e+01
   1.0000000e-01   5.0000000e-01   5.0000000e-01   2.3333000e-01   1.0000000e+02
   2.0000000e-01   3.0000000e-01   7.0000000e-01   2.0000000e-01   9.5000000e+01
   2.0000000e-01   3.0000000e-01   3.0000000e-01   1.0556000e-01   7.7153000e+01
   1.0000000e-01   1.0000000e-01   3.0000000e-01   1.0278000e-01   2.8400000e+01
   1.0000000e-01   3.0000000e-01   1.0000000e-01   2.6667000e-01   1.0000000e+02
   2.0000000e-01   9.0000000e-01   3.0000000e-01   1.1667000e-01   9.4000000e+01
   1.0000000e-01   9.0000000e-01   1.0000000e-01   5.0000000e-01   9.7000000e+01
   4.0000000e-01   5.0000000e-01   3.0000000e-01   2.3333000e-01   1.0000000e+02
   2.0000000e-01   5.0000000e-01   1.0000000e-01   1.0000000e-01   0.0000000e+00
   3.0000000e-01   5.0000000e-01   5.0000000e-01   1.6667000e-01   9.7037000e+01
   1.0000000e-01   1.0000000e-01   1.0000000e-01   2.0000000e-01   1.0000000e+02
   1.0000000e-01   9.0000000e-01   7.0000000e-01   2.3333000e-01   9.3000000e+01
   1.0000000e-01   7.0000000e-01   9.0000000e-01   1.0556000e-01   1.5436000e+01
   4.0000000e-01   7.0000000e-01   9.0000000e-01   1.0000000e-01   0.0000000e+00
   3.0000000e-01   7.0000000e-01   7.0000000e-01   1.0556000e-01   7.3118000e+01
   2.0000000e-01   7.0000000e-01   1.0000000e-01   1.0278000e-01   2.8430000e+01
   2.0000000e-01   5.0000000e-01   7.0000000e-01   9.0000000e-01   9.8333000e+01
   4.0000000e-01   3.0000000e-01   1.0000000e-01   1.0278000e-01   2.5045000e+01
   4.0000000e-01   9.0000000e-01   7.0000000e-01   9.0000000e-01   9.3000000e+01
   3.0000000e-01   9.0000000e-01   1.0000000e-01   9.0000000e-01   9.9890000e+01
   4.0000000e-01   9.0000000e-01   5.0000000e-01   1.0278000e-01   2.4600000e+01
   1.0000000e-01   1.0000000e-01   7.0000000e-01   5.0000000e-01   1.0000000e+02
   2.0000000e-01   5.0000000e-01   7.0000000e-01   1.3333000e-01   5.1162000e+01
   4.0000000e-01   3.0000000e-01   9.0000000e-01   1.0278000e-01   0.0000000e+00
   1.0000000e-01   7.0000000e-01   7.0000000e-01   1.0278000e-01   2.3427000e+01
   4.0000000e-01   1.0000000e-01   5.0000000e-01   5.0000000e-01   1.0000000e+02
   1.0000000e-01   5.0000000e-01   9.0000000e-01   2.6667000e-01   9.0000000e+01
   3.0000000e-01   1.0000000e-01   9.0000000e-01   1.3333000e-01   9.2510000e+01
   3.0000000e-01   3.0000000e-01   1.0000000e-01   2.0000000e-01   9.8755000e+01
   3.0000000e-01   3.0000000e-01   5.0000000e-01   5.0000000e-01   9.6667000e+01
   4.0000000e-01   1.0000000e-01   3.0000000e-01   3.0000000e-01   1.0000000e+02
   4.0000000e-01   9.0000000e-01   3.0000000e-01   2.0000000e-01   9.2000000e+01
   3.0000000e-01   3.0000000e-01   7.0000000e-01   1.0556000e-01   7.0030000e+01
   4.0000000e-01   7.0000000e-01   5.0000000e-01   2.3333000e-01   1.0000000e+02
   1.0000000e-01   9.0000000e-01   1.0000000e-01   1.0278000e-01   3.1353000e+01
   4.0000000e-01   3.0000000e-01   5.0000000e-01   9.0000000e-01   9.7500000e+01
   4.0000000e-01   3.0000000e-01   1.0000000e-01   2.6667000e-01   1.0000000e+02
   2.0000000e-01   1.0000000e-01   3.0000000e-01   1.0278000e-01   5.2880000e+01
   2.0000000e-01   3.0000000e-01   1.0000000e-01   1.3333000e-01   8.4302000e+01
   1.0000000e-01   9.0000000e-01   7.0000000e-01   1.0556000e-01   2.5140000e+01
   3.0000000e-01   3.0000000e-01   7.0000000e-01   9.0000000e-01   9.4868000e+01
   4.0000000e-01   7.0000000e-01   7.0000000e-01   2.3333000e-01   9.1250000e+01
   2.0000000e-01   5.0000000e-01   7.0000000e-01   1.0278000e-01   7.1783000e+00
   3.0000000e-01   1.0000000e-01   7.0000000e-01   1.3333000e-01   9.9895000e+01
   4.0000000e-01   5.0000000e-01   5.0000000e-01   2.3333000e-01   1.0000000e+02
   2.0000000e-01   3.0000000e-01   5.0000000e-01   1.3333000e-01   8.9118000e+01
   1.0000000e-01   1.0000000e-01   9.0000000e-01   1.1667000e-01   2.7475000e+01
   4.0000000e-01   7.0000000e-01   1.0000000e-01   2.0000000e-01   4.7058000e+01
   2.0000000e-01   3.0000000e-01   3.0000000e-01   1.1667000e-01   7.8040000e+01
   2.0000000e-01   3.0000000e-01   7.0000000e-01   2.3333000e-01   9.7500000e+01
   2.0000000e-01   3.0000000e-01   3.0000000e-01   1.6667000e-01   9.2500000e+01
   2.0000000e-01   7.0000000e-01   5.0000000e-01   1.6667000e-01   8.7674000e+01
   1.0000000e-01   9.0000000e-01   9.0000000e-01   1.0000000e-01   0.0000000e+00
   3.0000000e-01   5.0000000e-01   7.0000000e-01   1.0556000e-01   6.2120000e+01
   4.0000000e-01   5.0000000e-01   7.0000000e-01   1.1667000e-01   2.1730000e+01
   2.0000000e-01   7.0000000e-01   9.0000000e-01   5.0000000e-01   9.5000000e+01
   4.0000000e-01   9.0000000e-01   1.0000000e-01   5.0000000e-01   9.7000000e+01
   3.0000000e-01   3.0000000e-01   7.0000000e-01   5.0000000e-01   9.8485000e+01
   1.0000000e-01   7.0000000e-01   5.0000000e-01   5.0000000e-01   1.0000000e+02
   4.0000000e-01   3.0000000e-01   5.0000000e-01   1.0278000e-01   2.3385000e+01
   2.0000000e-01   7.0000000e-01   3.0000000e-01   1.3333000e-01   6.7582000e+01
   1.0000000e-01   9.0000000e-01   1.0000000e-01   3.0000000e-01   9.7000000e+01
   2.0000000e-01   5.0000000e-01   9.0000000e-01   1.0000000e-01   0.0000000e+00
   2.0000000e-01   7.0000000e-01   5.0000000e-01   9.0000000e-01   9.6250000e+01
   1.0000000e-01   5.0000000e-01   3.0000000e-01   5.0000000e-01   1.0000000e+02
   4.0000000e-01   3.0000000e-01   9.0000000e-01   1.0000000e-01   0.0000000e+00
   2.0000000e-01   1.0000000e-01   5.0000000e-01   9.0000000e-01   1.0000000e+02
   4.0000000e-01   3.0000000e-01   3.0000000e-01   1.0556000e-01   3.0610000e+01
   1.0000000e-01   7.0000000e-01   9.0000000e-01   2.3333000e-01   8.6499000e+01
   1.0000000e-01   1.0000000e-01   5.0000000e-01   1.1667000e-01   5.9550000e+01
   4.0000000e-01   5.0000000e-01   9.0000000e-01   2.3333000e-01   8.8333000e+01
   1.0000000e-01   5.0000000e-01   3.0000000e-01   1.0278000e-01   1.5543000e+01
   1.0000000e-01   9.0000000e-01   5.0000000e-01   1.0556000e-01   2.5920000e+01
   4.0000000e-01   9.0000000e-01   1.0000000e-01   2.6667000e-01   9.7000000e+01
   1.0000000e-01   9.0000000e-01   3.0000000e-01   1.1667000e-01   3.9563000e+01
   3.0000000e-01   7.0000000e-01   9.0000000e-01   1.0556000e-01   5.8665000e+01
   1.0000000e-01   5.0000000e-01   3.0000000e-01   1.0556000e-01   1.5798000e+01
   3.0000000e-01   9.0000000e-01   7.0000000e-01   1.0278000e-01   5.0852000e+01
   2.0000000e-01   1.0000000e-01   7.0000000e-01   1.1667000e-01   9.0000000e+01
   4.0000000e-01   9.0000000e-01   5.0000000e-01   1.1667000e-01   3.2890000e+01
   1.0000000e-01   9.0000000e-01   1.0000000e-01   2.6667000e-01   9.7000000e+01
   2.0000000e-01   7.0000000e-01   9.0000000e-01   2.3333000e-01   8.9170000e+01
   2.0000000e-01   1.0000000e-01   5.0000000e-01   1.0000000e-01   0.0000000e+00
   4.0000000e-01   7.0000000e-01   9.0000000e-01   1.0556000e-01   1.5436000e+01
   2.0000000e-01   7.0000000e-01   7.0000000e-01   1.6667000e-01   9.6250000e+01
   1.0000000e-01   3.0000000e-01   3.0000000e-01   1.1667000e-01   5.3657000e+01
   3.0000000e-01   3.0000000e-01   3.0000000e-01   1.0278000e-01   6.2737000e+01
   2.0000000e-01   7.0000000e-01   1.0000000e-01   1.6667000e-01   9.1250000e+01
   4.0000000e-01   5.0000000e-01   5.0000000e-01   3.0000000e-01   1.0000000e+02
   4.0000000e-01   5.0000000e-01   7.0000000e-01   3.0000000e-01   9.3333000e+01
   1.0000000e-01   3.0000000e-01   7.0000000e-01   1.0556000e-01   1.8797000e+01
   3.0000000e-01   3.0000000e-01   5.0000000e-01   9.0000000e-01   9.7360000e+01
   1.0000000e-01   3.0000000e-01   7.0000000e-01   1.0278000e-01   1.0415000e+01
   2.0000000e-01   9.0000000e-01   9.0000000e-01   3.0000000e-01   9.6000000e+01
   3.0000000e-01   1.0000000e-01   5.0000000e-01   9.0000000e-01   9.3855000e+01
   2.0000000e-01   3.0000000e-01   9.0000000e-01   1.1667000e-01   4.9645000e+01
   4.0000000e-01   5.0000000e-01   3.0000000e-01   9.0000000e-01   1.0000000e+02
   1.0000000e-01   7.0000000e-01   7.0000000e-01   2.6667000e-01   9.1250000e+01
   3.0000000e-01   5.0000000e-01   5.0000000e-01   5.0000000e-01   9.8567000e+01
   1.0000000e-01   7.0000000e-01   9.0000000e-01   9.0000000e-01   9.0000000e+01
   3.0000000e-01   7.0000000e-01   9.0000000e-01   9.0000000e-01   9.4632000e+01
   1.0000000e-01   7.0000000e-01   3.0000000e-01   1.6667000e-01   5.4087000e+01
   4.0000000e-01   7.0000000e-01   9.0000000e-01   3.0000000e-01   9.0000000e+01
   2.0000000e-01   3.0000000e-01   9.0000000e-01   9.0000000e-01   1.0000000e+02
   1.0000000e-01   5.0000000e-01   7.0000000e-01   1.6667000e-01   5.5197000e+01
   3.0000000e-01   9.0000000e-01   9.0000000e-01   9.0000000e-01   9.5790000e+01
   2.0000000e-01   1.0000000e-01   9.0000000e-01   3.0000000e-01   1.0000000e+02
   2.0000000e-01   3.0000000e-01   5.0000000e-01   9.0000000e-01   1.0000000e+02
   1.0000000e-01   9.0000000e-01   5.0000000e-01   1.6667000e-01   6.7220000e+01
   4.0000000e-01   3.0000000e-01   7.0000000e-01   1.0278000e-01   1.0415000e+01
   4.0000000e-01   1.0000000e-01   3.0000000e-01   9.0000000e-01   1.0000000e+02
   4.0000000e-01   5.0000000e-01   7.0000000e-01   2.3333000e-01   9.3333000e+01
   3.0000000e-01   3.0000000e-01   9.0000000e-01   9.0000000e-01   8.5718000e+01
   3.0000000e-01   3.0000000e-01   9.0000000e-01   2.0000000e-01   9.0025000e+01
   1.0000000e-01   3.0000000e-01   7.0000000e-01   1.6667000e-01   9.0108000e+01
   2.0000000e-01   9.0000000e-01   5.0000000e-01   1.0556000e-01   7.3207000e+01
   1.0000000e-01   5.0000000e-01   7.0000000e-01   9.0000000e-01   9.3333000e+01
   4.0000000e-01   7.0000000e-01   3.0000000e-01   2.0000000e-01   9.5000000e+01
   2.0000000e-01   1.0000000e-01   7.0000000e-01   5.0000000e-01   1.0000000e+02
   1.0000000e-01   5.0000000e-01   3.0000000e-01   9.0000000e-01   1.0000000e+02
   1.0000000e-01   7.0000000e-01   9.0000000e-01   1.0000000e-01   0.0000000e+00
   4.0000000e-01   5.0000000e-01   7.0000000e-01   1.0278000e-01   8.7383000e+00
   2.0000000e-01   9.0000000e-01   9.0000000e-01   2.6667000e-01   9.6000000e+01
   4.0000000e-01   9.0000000e-01   7.0000000e-01   3.0000000e-01   9.3000000e+01
   2.0000000e-01   3.0000000e-01   9.0000000e-01   1.0000000e-01   0.0000000e+00
   4.0000000e-01   9.0000000e-01   1.0000000e-01   1.6667000e-01   8.4212000e+01
   3.0000000e-01   5.0000000e-01   1.0000000e-01   9.0000000e-01   9.8817000e+01
   1.0000000e-01   1.0000000e-01   5.0000000e-01   5.0000000e-01   1.0000000e+02
   4.0000000e-01   7.0000000e-01   9.0000000e-01   2.6667000e-01   8.9099000e+01
   2.0000000e-01   9.0000000e-01   3.0000000e-01   1.0278000e-01   5.6522000e+01
   3.0000000e-01   7.0000000e-01   3.0000000e-01   5.0000000e-01   9.9136000e+01
   3.0000000e-01   7.0000000e-01   3.0000000e-01   3.0000000e-01   9.8882000e+01
   2.0000000e-01   5.0000000e-01   3.0000000e-01   1.0000000e-01   0.0000000e+00
   1.0000000e-01   3.0000000e-01   3.0000000e-01   5.0000000e-01   9.7500000e+01
   2.0000000e-01   1.0000000e-01   3.0000000e-01   1.3333000e-01   9.0000000e+01
   1.0000000e-01   1.0000000e-01   9.0000000e-01   2.0000000e-01   7.4955000e+01
   1.0000000e-01   7.0000000e-01   7.0000000e-01   9.0000000e-01   9.2500000e+01
   2.0000000e-01   5.0000000e-01   9.0000000e-01   1.1667000e-01   3.6877000e+01
   3.0000000e-01   9.0000000e-01   9.0000000e-01   1.0278000e-01   3.0283000e+01
   1.0000000e-01   1.0000000e-01   7.0000000e-01   1.0278000e-01   9.8700000e+00
   4.0000000e-01   7.0000000e-01   1.0000000e-01   5.0000000e-01   9.1667000e+01
   4.0000000e-01   5.0000000e-01   9.0000000e-01   1.3333000e-01   4.3973000e+01
   4.0000000e-01   1.0000000e-01   7.0000000e-01   9.0000000e-01   1.0000000e+02
   3.0000000e-01   1.0000000e-01   7.0000000e-01   2.0000000e-01   9.9200000e+01
   1.0000000e-01   5.0000000e-01   7.0000000e-01   1.0278000e-01   8.7383000e+00
   2.0000000e-01   7.0000000e-01   1.0000000e-01   5.0000000e-01   9.8750000e+01
   1.0000000e-01   7.0000000e-01   5.0000000e-01   2.3333000e-01   1.0000000e+02
   4.0000000e-01   7.0000000e-01   9.0000000e-01   9.0000000e-01   9.0000000e+01
   2.0000000e-01   1.0000000e-01   5.0000000e-01   1.3333000e-01   9.0245000e+01
   4.0000000e-01   1.0000000e-01   9.0000000e-01   1.6667000e-01   7.1000000e+01
   1.0000000e-01   1.0000000e-01   5.0000000e-01   1.0000000e-01   0.0000000e+00
   1.0000000e-01   9.0000000e-01   5.0000000e-01   2.3333000e-01   9.7000000e+01
   4.0000000e-01   7.0000000e-01   5.0000000e-01   1.0556000e-01   2.3930000e+01
   4.0000000e-01   7.0000000e-01   3.0000000e-01   2.6667000e-01   1.0000000e+02
   1.0000000e-01   1.0000000e-01   3.0000000e-01   2.6667000e-01   1.0000000e+02
   4.0000000e-01   3.0000000e-01   5.0000000e-01   1.0000000e-01   0.0000000e+00
   2.0000000e-01   1.0000000e-01   9.0000000e-01   1.0278000e-01   2.1655000e+01
   1.0000000e-01   7.0000000e-01   7.0000000e-01   5.0000000e-01   9.2500000e+01
   4.0000000e-01   7.0000000e-01   5.0000000e-01   3.0000000e-01   1.0000000e+02
   3.0000000e-01   1.0000000e-01   3.0000000e-01   1.6667000e-01   9.6625000e+01
   2.0000000e-01   7.0000000e-01   5.0000000e-01   2.3333000e-01   8.5764000e+01
   4.0000000e-01   5.0000000e-01   7.0000000e-01   1.0000000e-01   0.0000000e+00
   1.0000000e-01   9.0000000e-01   7.0000000e-01   2.0000000e-01   8.5903000e+01
   2.0000000e-01   1.0000000e-01   5.0000000e-01   2.6667000e-01   9.5000000e+01
   3.0000000e-01   3.0000000e-01   9.0000000e-01   3.0000000e-01   9.1307000e+01
   2.0000000e-01   9.0000000e-01   5.0000000e-01   1.3333000e-01   9.9000000e+01
   3.0000000e-01   1.0000000e-01   9.0000000e-01   1.0000000e-01   0.0000000e+00
   3.0000000e-01   7.0000000e-01   1.0000000e-01   3.0000000e-01   9.8472000e+01
   2.0000000e-01   9.0000000e-01   1.0000000e-01   1.3333000e-01   9.8000000e+01
   4.0000000e-01   7.0000000e-01   3.0000000e-01   1.0278000e-01   2.1106000e+01
   2.0000000e-01   1.0000000e-01   7.0000000e-01   1.0278000e-01   4.3230000e+01
   3.0000000e-01   1.0000000e-01   5.0000000e-01   1.0278000e-01   6.0390000e+01
   1.0000000e-01   7.0000000e-01   1.0000000e-01   1.0556000e-01   2.8409000e+01
   3.0000000e-01   7.0000000e-01   9.0000000e-01   2.0000000e-01   9.6101000e+01
   4.0000000e-01   1.0000000e-01   5.0000000e-01   9.0000000e-01   1.0000000e+02
   2.0000000e-01   1.0000000e-01   7.0000000e-01   2.3333000e-01   1.0000000e+02
   4.0000000e-01   1.0000000e-01   1.0000000e-01   1.6667000e-01   9.5000000e+01
   2.0000000e-01   5.0000000e-01   3.0000000e-01   9.0000000e-01   9.6667000e+01
   4.0000000e-01   9.0000000e-01   5.0000000e-01   1.6667000e-01   6.7220000e+01
   4.0000000e-01   3.0000000e-01   3.0000000e-01   9.0000000e-01   9.7500000e+01
   1.0000000e-01   1.0000000e-01   7.0000000e-01   1.0556000e-01   1.7030000e+01
   4.0000000e-01   7.0000000e-01   3.0000000e-01   1.0556000e-01   2.6976000e+01
   3.0000000e-01   5.0000000e-01   9.0000000e-01   2.6667000e-01   9.2157000e+01
   3.0000000e-01   9.0000000e-01   1.0000000e-01   2.0000000e-01   9.9818000e+01
   1.0000000e-01   1.0000000e-01   3.0000000e-01   2.0000000e-01   1.0000000e+02
   4.0000000e-01   5.0000000e-01   9.0000000e-01   2.0000000e-01   4.7058000e+01
   2.0000000e-01   3.0000000e-01   1.0000000e-01   2.0000000e-01   9.5000000e+01
   3.0000000e-01   3.0000000e-01   9.0000000e-01   1.0556000e-01   4.8530000e+01
   3.0000000e-01   1.0000000e-01   3.0000000e-01   5.0000000e-01   9.5375000e+01
   2.0000000e-01   1.0000000e-01   1.0000000e-01   2.3333000e-01   9.5000000e+01
   2.0000000e-01   9.0000000e-01   7.0000000e-01   3.0000000e-01   9.7000000e+01
   2.0000000e-01   9.0000000e-01   5.0000000e-01   1.1667000e-01   9.4000000e+01
   1.0000000e-01   5.0000000e-01   5.0000000e-01   1.0556000e-01   1.2987000e+01
   2.0000000e-01   1.0000000e-01   1.0000000e-01   5.0000000e-01   1.0000000e+02
   2.0000000e-01   5.0000000e-01   1.0000000e-01   2.0000000e-01   9.5000000e+01
   4.0000000e-01   1.0000000e-01   7.0000000e-01   1.1667000e-01   2.8700000e+01
   2.0000000e-01   9.0000000e-01   7.0000000e-01   9.0000000e-01   9.8000000e+01
   4.0000000e-01   3.0000000e-01   9.0000000e-01   1.3333000e-01   2.8455000e+01
   1.0000000e-01   1.0000000e-01   1.0000000e-01   1.0000000e-01   0.0000000e+00
   4.0000000e-01   3.0000000e-01   9.0000000e-01   2.3333000e-01   8.9192000e+01
   2.0000000e-01   5.0000000e-01   1.0000000e-01   1.0556000e-01   3.2617000e+01
   4.0000000e-01   7.0000000e-01   9.0000000e-01   2.3333000e-01   8.6499000e+01
   2.0000000e-01   5.0000000e-01   1.0000000e-01   1.1667000e-01   5.8515000e+01
   4.0000000e-01   5.0000000e-01   5.0000000e-01   9.0000000e-01   1.0000000e+02
   4.0000000e-01   3.0000000e-01   3.0000000e-01   5.0000000e-01   9.7500000e+01
   3.0000000e-01   9.0000000e-01   1.0000000e-01   2.6667000e-01   9.9904000e+01
   4.0000000e-01   7.0000000e-01   1.0000000e-01   1.0000000e-01   0.0000000e+00
   3.0000000e-01   3.0000000e-01   1.0000000e-01   1.1667000e-01   9.3160000e+01
   3.0000000e-01   3.0000000e-01   7.0000000e-01   1.6667000e-01   9.8220000e+01
   2.0000000e-01   1.0000000e-01   9.0000000e-01   5.0000000e-01   1.0000000e+02
   2.0000000e-01   9.0000000e-01   1.0000000e-01   9.0000000e-01   1.0000000e+02
   2.0000000e-01   7.0000000e-01   5.0000000e-01   1.3333000e-01   4.9786000e+01
   2.0000000e-01   5.0000000e-01   1.0000000e-01   2.3333000e-01   9.6667000e+01
   2.0000000e-01   3.0000000e-01   1.0000000e-01   1.6667000e-01   8.4743000e+01
   1.0000000e-01   7.0000000e-01   5.0000000e-01   1.0278000e-01   2.3655000e+01
   3.0000000e-01   1.0000000e-01   7.0000000e-01   3.0000000e-01   9.8965000e+01
   2.0000000e-01   3.0000000e-01   9.0000000e-01   3.0000000e-01   1.0000000e+02
   1.0000000e-01   1.0000000e-01   1.0000000e-01   1.0556000e-01   5.6580000e+01
   2.0000000e-01   7.0000000e-01   5.0000000e-01   1.1667000e-01   4.1036000e+01
   2.0000000e-01   1.0000000e-01   3.0000000e-01   2.3333000e-01   9.5000000e+01
   1.0000000e-01   5.0000000e-01   7.0000000e-01   2.0000000e-01   7.0635000e+01
   3.0000000e-01   3.0000000e-01   1.0000000e-01   1.0278000e-01   6.5183000e+01
   3.0000000e-01   9.0000000e-01   1.0000000e-01   3.0000000e-01   9.9779000e+01
   2.0000000e-01   3.0000000e-01   3.0000000e-01   1.0000000e-01   0.0000000e+00
   2.0000000e-01   5.0000000e-01   9.0000000e-01   9.0000000e-01   9.3333000e+01
   1.0000000e-01   7.0000000e-01   7.0000000e-01   1.3333000e-01   3.7951000e+01
   3.0000000e-01   3.0000000e-01   5.0000000e-01   1.0000000e-01   0.0000000e+00
   2.0000000e-01   7.0000000e-01   9.0000000e-01   2.6667000e-01   9.5000000e+01
   2.0000000e-01   1.0000000e-01   9.0000000e-01   1.0556000e-01   3.6075000e+01
   1.0000000e-01   7.0000000e-01   1.0000000e-01   1.0000000e-01   0.0000000e+00
   2.0000000e-01   7.0000000e-01   1.0000000e-01   1.1667000e-01   5.1252000e+01
   2.0000000e-01   3.0000000e-01   3.0000000e-01   2.3333000e-01   9.7500000e+01
   4.0000000e-01   1.0000000e-01   5.0000000e-01   1.0000000e-01   0.0000000e+00
   2.0000000e-01   9.0000000e-01   7.0000000e-01   2.3333000e-01   9.7000000e+01
   2.0000000e-01   9.0000000e-01   3.0000000e-01   1.0556000e-01   7.4337000e+01
   4.0000000e-01   5.0000000e-01   5.0000000e-01   1.0556000e-01   1.2987000e+01
   4.0000000e-01   3.0000000e-01   9.0000000e-01   9.0000000e-01   9.2500000e+01
   2.0000000e-01   3.0000000e-01   7.0000000e-01   1.0556000e-01   6.8737000e+01
   1.0000000e-01   9.0000000e-01   3.0000000e-01   2.0000000e-01   9.2000000e+01
   2.0000000e-01   3.0000000e-01   5.0000000e-01   2.0000000e-01   9.5000000e+01
   2.0000000e-01   9.0000000e-01   3.0000000e-01   5.0000000e-01   9.9000000e+01
   3.0000000e-01   9.0000000e-01   7.0000000e-01   2.6667000e-01   9.9930000e+01
   3.0000000e-01   3.0000000e-01   1.0000000e-01   2.6667000e-01   9.9522000e+01
   2.0000000e-01   9.0000000e-01   3.0000000e-01   1.3333000e-01   9.8000000e+01
   3.0000000e-01   7.0000000e-01   1.0000000e-01   1.6667000e-01   9.8722000e+01
   1.0000000e-01   3.0000000e-01   3.0000000e-01   9.0000000e-01   9.7500000e+01
   4.0000000e-01   5.0000000e-01   5.0000000e-01   1.1667000e-01   3.4303000e+01
   2.0000000e-01   9.0000000e-01   7.0000000e-01   1.0000000e-01   0.0000000e+00
   2.0000000e-01   5.0000000e-01   3.0000000e-01   2.3333000e-01   9.5000000e+01
   1.0000000e-01   3.0000000e-01   9.0000000e-01   2.0000000e-01   8.2157000e+01
   3.0000000e-01   1.0000000e-01   1.0000000e-01   1.3333000e-01   9.0320000e+01
   1.0000000e-01   7.0000000e-01   5.0000000e-01   1.3333000e-01   4.7041000e+01
   3.0000000e-01   7.0000000e-01   9.0000000e-01   1.3333000e-01   9.4345000e+01
   2.0000000e-01   1.0000000e-01   1.0000000e-01   1.3333000e-01   9.0000000e+01
   3.0000000e-01   5.0000000e-01   3.0000000e-01   2.0000000e-01   9.6250000e+01
   2.0000000e-01   3.0000000e-01   7.0000000e-01   9.0000000e-01   1.0000000e+02
   4.0000000e-01   7.0000000e-01   7.0000000e-01   1.3333000e-01   3.7951000e+01
   1.0000000e-01   5.0000000e-01   5.0000000e-01   2.6667000e-01   1.0000000e+02
   4.0000000e-01   1.0000000e-01   7.0000000e-01   1.6667000e-01   5.1335000e+01
   2.0000000e-01   1.0000000e-01   3.0000000e-01   1.0000000e-01   0.0000000e+00
   4.0000000e-01   3.0000000e-01   7.0000000e-01   9.0000000e-01   1.0000000e+02
   2.0000000e-01   9.0000000e-01   5.0000000e-01   2.6667000e-01   1.0000000e+02
   4.0000000e-01   3.0000000e-01   7.0000000e-01   1.0000000e-01   0.0000000e+00
   3.0000000e-01   9.0000000e-01   3.0000000e-01   2.0000000e-01   9.7734000e+01
   1.0000000e-01   3.0000000e-01   5.0000000e-01   2.3333000e-01   9.7500000e+01
   3.0000000e-01   3.0000000e-01   7.0000000e-01   2.0000000e-01   9.9845000e+01
   4.0000000e-01   9.0000000e-01   3.0000000e-01   2.6667000e-01   9.7000000e+01
   2.0000000e-01   9.0000000e-01   7.0000000e-01   1.6667000e-01   9.6000000e+01
   2.0000000e-01   3.0000000e-01   7.0000000e-01   1.1667000e-01   7.2805000e+01
   4.0000000e-01   5.0000000e-01   3.0000000e-01   5.0000000e-01   1.0000000e+02
   2.0000000e-01   5.0000000e-01   7.0000000e-01   1.1667000e-01   3.8688000e+01
   1.0000000e-01   5.0000000e-01   9.0000000e-01   2.0000000e-01   4.7058000e+01
   4.0000000e-01   9.0000000e-01   3.0000000e-01   2.3333000e-01   9.7000000e+01
   1.0000000e-01   7.0000000e-01   3.0000000e-01   3.0000000e-01   1.0000000e+02
   4.0000000e-01   3.0000000e-01   5.0000000e-01   1.3333000e-01   7.6603000e+01
   2.0000000e-01   1.0000000e-01   5.0000000e-01   3.0000000e-01   9.5000000e+01
   3.0000000e-01   5.0000000e-01   5.0000000e-01   9.0000000e-01   9.8303000e+01
   1.0000000e-01   3.0000000e-01   3.0000000e-01   2.3333000e-01   9.5000000e+01
   1.0000000e-01   9.0000000e-01   9.0000000e-01   2.3333000e-01   4.9602000e+01
   3.0000000e-01   3.0000000e-01   7.0000000e-01   1.3333000e-01   9.6562000e+01
   1.0000000e-01   3.0000000e-01   3.0000000e-01   2.6667000e-01   9.7500000e+01
   3.0000000e-01   7.0000000e-01   7.0000000e-01   1.1667000e-01   9.9305000e+01
   1.0000000e-01   5.0000000e-01   5.0000000e-01   1.0000000e-01   0.0000000e+00
   2.0000000e-01   7.0000000e-01   7.0000000e-01   9.0000000e-01   9.8750000e+01
   1.0000000e-01   1.0000000e-01   9.0000000e-01   1.0278000e-01   1.0700000e+01
   2.0000000e-01   7.0000000e-01   3.0000000e-01   1.0000000e-01   0.0000000e+00
   3.0000000e-01   3.0000000e-01   9.0000000e-01   1.0278000e-01   3.5398000e+01
   4.0000000e-01   7.0000000e-01   1.0000000e-01   1.6667000e-01   4.4128000e+01
   1.0000000e-01   5.0000000e-01   5.0000000e-01   3.0000000e-01   1.0000000e+02
   1.0000000e-01   9.0000000e-01   3.0000000e-01   2.6667000e-01   9.7000000e+01
   4.0000000e-01   5.0000000e-01   3.0000000e-01   1.0000000e-01   0.0000000e+00
   2.0000000e-01   3.0000000e-01   3.0000000e-01   2.0000000e-01   9.5000000e+01
   3.0000000e-01   3.0000000e-01   1.0000000e-01   1.3333000e-01   9.8138000e+01
   4.0000000e-01   7.0000000e-01   7.0000000e-01   1.0556000e-01   2.5546000e+01
   2.0000000e-01   1.0000000e-01   9.0000000e-01   9.0000000e-01   1.0000000e+02
   4.0000000e-01   1.0000000e-01   5.0000000e-01   1.3333000e-01   8.5860000e+01
   2.0000000e-01   5.0000000e-01   9.0000000e-01   3.0000000e-01   9.3333000e+01
   4.0000000e-01   1.0000000e-01   9.0000000e-01   1.0278000e-01   1.0700000e+01
   2.0000000e-01   5.0000000e-01   5.0000000e-01   5.0000000e-01   9.6667000e+01
   2.0000000e-01   9.0000000e-01   1.0000000e-01   1.6667000e-01   9.9000000e+01
   1.0000000e-01   9.0000000e-01   9.0000000e-01   1.0556000e-01   1.5937000e+01
   1.0000000e-01   1.0000000e-01   7.0000000e-01   1.3333000e-01   4.0515000e+01
   1.0000000e-01   3.0000000e-01   3.0000000e-01   1.0556000e-01   3.0610000e+01
   1.0000000e-01   3.0000000e-01   1.0000000e-01   1.1667000e-01   5.4278000e+01
   1.0000000e-01   3.0000000e-01   9.0000000e-01   2.6667000e-01   8.8853000e+01
   4.0000000e-01   3.0000000e-01   1.0000000e-01   1.0000000e-01   0.0000000e+00
   1.0000000e-01   5.0000000e-01   5.0000000e-01   2.0000000e-01   7.0427000e+01
   1.0000000e-01   7.0000000e-01   9.0000000e-01   1.1667000e-01   2.7185000e+01
   2.0000000e-01   9.0000000e-01   3.0000000e-01   1.6667000e-01   9.8000000e+01
   2.0000000e-01   9.0000000e-01   9.0000000e-01   1.3333000e-01   8.7094000e+01
   4.0000000e-01   5.0000000e-01   5.0000000e-01   1.0278000e-01   1.1368000e+01
   3.0000000e-01   7.0000000e-01   1.0000000e-01   2.6667000e-01   9.9299000e+01
   4.0000000e-01   1.0000000e-01   1.0000000e-01   3.0000000e-01   1.0000000e+02
   4.0000000e-01   9.0000000e-01   3.0000000e-01   1.3333000e-01   4.7821000e+01
   4.0000000e-01   1.0000000e-01   9.0000000e-01   3.0000000e-01   8.6065000e+01
   1.0000000e-01   7.0000000e-01   9.0000000e-01   2.6667000e-01   8.9099000e+01
   3.0000000e-01   5.0000000e-01   1.0000000e-01   2.6667000e-01   9.8340000e+01
   4.0000000e-01   5.0000000e-01   1.0000000e-01   2.0000000e-01   9.1667000e+01
   1.0000000e-01   1.0000000e-01   9.0000000e-01   1.3333000e-01   5.6010000e+01
   3.0000000e-01   7.0000000e-01   9.0000000e-01   1.0000000e-01   0.0000000e+00
   3.0000000e-01   1.0000000e-01   3.0000000e-01   3.0000000e-01   8.4725000e+01
   4.0000000e-01   3.0000000e-01   9.0000000e-01   1.6667000e-01   6.0998000e+01
   3.0000000e-01   1.0000000e-01   1.0000000e-01   1.0000000e-01   0.0000000e+00
   3.0000000e-01   9.0000000e-01   3.0000000e-01   1.0556000e-01   6.5263000e+01
   3.0000000e-01   1.0000000e-01   9.0000000e-01   1.6667000e-01   8.2170000e+01
   2.0000000e-01   5.0000000e-01   9.0000000e-01   1.3333000e-01   6.5290000e+01
   1.0000000e-01   1.0000000e-01   9.0000000e-01   2.3333000e-01   7.7215000e+01
   3.0000000e-01   5.0000000e-01   1.0000000e-01   1.0556000e-01   7.4660000e+01
   2.0000000e-01   1.0000000e-01   7.0000000e-01   3.0000000e-01   9.5000000e+01
   4.0000000e-01   1.0000000e-01   3.0000000e-01   1.3333000e-01   8.9070000e+01
   1.0000000e-01   1.0000000e-01   5.0000000e-01   2.0000000e-01   9.5000000e+01
   4.0000000e-01   3.0000000e-01   5.0000000e-01   2.3333000e-01   9.7500000e+01
   1.0000000e-01   1.0000000e-01   5.0000000e-01   3.0000000e-01   1.0000000e+02
   2.0000000e-01   7.0000000e-01   1.0000000e-01   1.0000000e-01   0.0000000e+00
   4.0000000e-01   5.0000000e-01   1.0000000e-01   1.0000000e-01   0.0000000e+00
   3.0000000e-01   9.0000000e-01   3.0000000e-01   1.6667000e-01   9.7631000e+01
   2.0000000e-01   9.0000000e-01   1.0000000e-01   2.3333000e-01   9.9000000e+01
   2.0000000e-01   5.0000000e-01   3.0000000e-01   3.0000000e-01   9.6667000e+01
   4.0000000e-01   9.0000000e-01   1.0000000e-01   9.0000000e-01   9.7000000e+01
   1.0000000e-01   5.0000000e-01   5.0000000e-01   9.0000000e-01   1.0000000e+02
   4.0000000e-01   9.0000000e-01   9.0000000e-01   1.1667000e-01   1.5956000e+01
   3.0000000e-01   5.0000000e-01   9.0000000e-01   1.6667000e-01   9.1815000e+01
   4.0000000e-01   5.0000000e-01   1.0000000e-01   9.0000000e-01   1.0000000e+02
   1.0000000e-01   9.0000000e-01   9.0000000e-01   1.6667000e-01   3.0712000e+01
   3.0000000e-01   9.0000000e-01   5.0000000e-01   3.0000000e-01   9.9092000e+01
   2.0000000e-01   1.0000000e-01   7.0000000e-01   1.0556000e-01   6.4540000e+01
   2.0000000e-01   3.0000000e-01   3.0000000e-01   1.0278000e-01   5.5758000e+01
   3.0000000e-01   7.0000000e-01   9.0000000e-01   5.0000000e-01   9.5498000e+01
   4.0000000e-01   7.0000000e-01   5.0000000e-01   9.0000000e-01   1.0000000e+02
   2.0000000e-01   7.0000000e-01   5.0000000e-01   1.0556000e-01   2.9652000e+01
   3.0000000e-01   7.0000000e-01   7.0000000e-01   1.0000000e-01   0.0000000e+00
   3.0000000e-01   5.0000000e-01   9.0000000e-01   5.0000000e-01   9.3155000e+01
   1.0000000e-01   3.0000000e-01   5.0000000e-01   2.0000000e-01   9.5000000e+01
   2.0000000e-01   7.0000000e-01   3.0000000e-01   2.3333000e-01   9.5000000e+01
   4.0000000e-01   3.0000000e-01   9.0000000e-01   2.0000000e-01   8.2157000e+01
   1.0000000e-01   9.0000000e-01   3.0000000e-01   1.0556000e-01   2.6800000e+01
   3.0000000e-01   3.0000000e-01   3.0000000e-01   1.0000000e-01   0.0000000e+00
   4.0000000e-01   1.0000000e-01   7.0000000e-01   2.6667000e-01   8.4000000e+01
   4.0000000e-01   1.0000000e-01   3.0000000e-01   1.0000000e-01   0.0000000e+00
   2.0000000e-01   9.0000000e-01   9.0000000e-01   9.0000000e-01   9.6000000e+01
   4.0000000e-01   9.0000000e-01   1.0000000e-01   3.0000000e-01   9.7000000e+01
   2.0000000e-01   9.0000000e-01   9.0000000e-01   1.0278000e-01   3.4351000e+01
   3.0000000e-01   9.0000000e-01   7.0000000e-01   1.3333000e-01   9.8114000e+01
   2.0000000e-01   3.0000000e-01   5.0000000e-01   2.6667000e-01   9.7500000e+01
   4.0000000e-01   9.0000000e-01   1.0000000e-01   1.0556000e-01   3.5021000e+01
   1.0000000e-01   3.0000000e-01   7.0000000e-01   3.0000000e-01   9.5000000e+01
   3.0000000e-01   9.0000000e-01   7.0000000e-01   2.0000000e-01   9.9136000e+01
   2.0000000e-01   5.0000000e-01   5.0000000e-01   9.0000000e-01   9.6667000e+01
   3.0000000e-01   1.0000000e-01   7.0000000e-01   2.6667000e-01   9.8505000e+01
   4.0000000e-01   3.0000000e-01   7.0000000e-01   1.1667000e-01   4.5958000e+01
   3.0000000e-01   1.0000000e-01   5.0000000e-01   1.1667000e-01   9.0160000e+01
   1.0000000e-01   7.0000000e-01   5.0000000e-01   3.0000000e-01   1.0000000e+02
   4.0000000e-01   1.0000000e-01   3.0000000e-01   2.0000000e-01   1.0000000e+02
   2.0000000e-01   7.0000000e-01   7.0000000e-01   2.0000000e-01   9.6250000e+01
   3.0000000e-01   1.0000000e-01   9.0000000e-01   2.6667000e-01   8.4275000e+01
   4.0000000e-01   9.0000000e-01   7.0000000e-01   1.0000000e-01   0.0000000e+00
   4.0000000e-01   9.0000000e-01   7.0000000e-01   1.0278000e-01   1.4326000e+01
   3.0000000e-01   3.0000000e-01   3.0000000e-01   2.0000000e-01   9.9165000e+01
   3.0000000e-01   3.0000000e-01   3.0000000e-01   3.0000000e-01   9.4160000e+01
   4.0000000e-01   5.0000000e-01   1.0000000e-01   5.0000000e-01   1.0000000e+02
   3.0000000e-01   7.0000000e-01   7.0000000e-01   2.0000000e-01   9.9632000e+01
   2.0000000e-01   7.0000000e-01   7.0000000e-01   2.3333000e-01   9.7500000e+01
   4.0000000e-01   5.0000000e-01   7.0000000e-01   9.0000000e-01   9.3333000e+01
   1.0000000e-01   1.0000000e-01   7.0000000e-01   2.6667000e-01   8.4000000e+01
   1.0000000e-01   3.0000000e-01   3.0000000e-01   1.0000000e-01   0.0000000e+00
   2.0000000e-01   5.0000000e-01   1.0000000e-01   1.6667000e-01   9.3333000e+01
   2.0000000e-01   1.0000000e-01   9.0000000e-01   1.3333000e-01   6.3695000e+01
   4.0000000e-01   7.0000000e-01   3.0000000e-01   1.6667000e-01   5.4087000e+01
   2.0000000e-01   5.0000000e-01   3.0000000e-01   1.3333000e-01   6.5227000e+01
   2.0000000e-01   3.0000000e-01   5.0000000e-01   1.0278000e-01   5.2615000e+01
   1.0000000e-01   9.0000000e-01   9.0000000e-01   3.0000000e-01   9.2000000e+01
   2.0000000e-01   1.0000000e-01   5.0000000e-01   2.3333000e-01   9.5000000e+01
   1.0000000e-01   5.0000000e-01   9.0000000e-01   1.0278000e-01   4.3367000e+00
   4.0000000e-01   3.0000000e-01   3.0000000e-01   3.0000000e-01   9.7500000e+01
   4.0000000e-01   9.0000000e-01   9.0000000e-01   1.0556000e-01   1.5937000e+01
   4.0000000e-01   7.0000000e-01   5.0000000e-01   1.6667000e-01   8.7240000e+01
   1.0000000e-01   9.0000000e-01   7.0000000e-01   1.1667000e-01   3.5245000e+01
   2.0000000e-01   7.0000000e-01   7.0000000e-01   2.6667000e-01   9.7500000e+01
   4.0000000e-01   7.0000000e-01   1.0000000e-01   2.3333000e-01   8.8333000e+01
   1.0000000e-01   3.0000000e-01   1.0000000e-01   1.0000000e-01   0.0000000e+00
   2.0000000e-01   9.0000000e-01   9.0000000e-01   1.0000000e-01   0.0000000e+00
   4.0000000e-01   9.0000000e-01   1.0000000e-01   2.3333000e-01   9.7000000e+01
   3.0000000e-01   7.0000000e-01   3.0000000e-01   2.6667000e-01   9.8970000e+01
   4.0000000e-01   3.0000000e-01   7.0000000e-01   2.3333000e-01   9.2500000e+01
   3.0000000e-01   1.0000000e-01   1.0000000e-01   5.0000000e-01   9.4985000e+01
   2.0000000e-01   3.0000000e-01   3.0000000e-01   1.3333000e-01   8.2365000e+01
   1.0000000e-01   5.0000000e-01   1.0000000e-01   2.3333000e-01   1.0000000e+02
   3.0000000e-01   7.0000000e-01   3.0000000e-01   2.0000000e-01   9.8926000e+01
   2.0000000e-01   1.0000000e-01   7.0000000e-01   1.0000000e-01   0.0000000e+00
   3.0000000e-01   9.0000000e-01   5.0000000e-01   1.0278000e-01   5.4104000e+01
   1.0000000e-01   7.0000000e-01   7.0000000e-01   1.0000000e-01   0.0000000e+00
   4.0000000e-01   7.0000000e-01   1.0000000e-01   1.1667000e-01   2.4233000e+01
   4.0000000e-01   1.0000000e-01   5.0000000e-01   1.0278000e-01   1.8980000e+01
   4.0000000e-01   1.0000000e-01   5.0000000e-01   2.3333000e-01   9.5000000e+01
   1.0000000e-01   5.0000000e-01   1.0000000e-01   1.0000000e-01   0.0000000e+00
   4.0000000e-01   3.0000000e-01   3.0000000e-01   2.6667000e-01   9.7500000e+01
   1.0000000e-01   1.0000000e-01   7.0000000e-01   9.0000000e-01   1.0000000e+02
   3.0000000e-01   5.0000000e-01   7.0000000e-01   9.0000000e-01   9.9557000e+01
   3.0000000e-01   1.0000000e-01   1.0000000e-01   2.0000000e-01   9.8275000e+01
   2.0000000e-01   3.0000000e-01   1.0000000e-01   2.3333000e-01   9.7500000e+01
   2.0000000e-01   1.0000000e-01   9.0000000e-01   1.6667000e-01   6.7840000e+01
   3.0000000e-01   3.0000000e-01   1.0000000e-01   1.0556000e-01   8.4060000e+01
   2.0000000e-01   1.0000000e-01   1.0000000e-01   2.6667000e-01   1.0000000e+02
   2.0000000e-01   1.0000000e-01   3.0000000e-01   2.6667000e-01   9.5000000e+01
   1.0000000e-01   7.0000000e-01   3.0000000e-01   5.0000000e-01   1.0000000e+02
   3.0000000e-01   1.0000000e-01   3.0000000e-01   1.1667000e-01   9.3990000e+01
   1.0000000e-01   9.0000000e-01   5.0000000e-01   2.6667000e-01   9.7000000e+01
   4.0000000e-01   3.0000000e-01   3.0000000e-01   1.6667000e-01   8.9870000e+01
   3.0000000e-01   1.0000000e-01   9.0000000e-01   1.0556000e-01   3.9365000e+01
   1.0000000e-01   7.0000000e-01   9.0000000e-01   1.6667000e-01   3.9462000e+01
   3.0000000e-01   3.0000000e-01   9.0000000e-01   1.3333000e-01   7.9713000e+01
   2.0000000e-01   7.0000000e-01   3.0000000e-01   9.0000000e-01   9.6250000e+01
   3.0000000e-01   3.0000000e-01   3.0000000e-01   2.6667000e-01   9.7767000e+01
   2.0000000e-01   9.0000000e-01   9.0000000e-01   1.0556000e-01   5.1375000e+01
   1.0000000e-01   5.0000000e-01   7.0000000e-01   2.3333000e-01   9.3333000e+01
   2.0000000e-01   9.0000000e-01   7.0000000e-01   1.1667000e-01   8.7057000e+01
   4.0000000e-01   1.0000000e-01   7.0000000e-01   3.0000000e-01   8.4020000e+01
   1.0000000e-01   1.0000000e-01   3.0000000e-01   5.0000000e-01   1.0000000e+02
   3.0000000e-01   1.0000000e-01   3.0000000e-01   9.0000000e-01   9.6945000e+01
   1.0000000e-01   5.0000000e-01   9.0000000e-01   1.0556000e-01   6.3350000e+00
   4.0000000e-01   7.0000000e-01   7.0000000e-01   2.0000000e-01   6.1584000e+01
   4.0000000e-01   7.0000000e-01   3.0000000e-01   5.0000000e-01   1.0000000e+02
   3.0000000e-01   1.0000000e-01   3.0000000e-01   1.0000000e-01   0.0000000e+00
   1.0000000e-01   5.0000000e-01   1.0000000e-01   1.0278000e-01   1.8393000e+01
   1.0000000e-01   9.0000000e-01   9.0000000e-01   1.0278000e-01   6.0140000e+00
   3.0000000e-01   3.0000000e-01   1.0000000e-01   3.0000000e-01   9.9767000e+01
   4.0000000e-01   5.0000000e-01   7.0000000e-01   2.0000000e-01   7.0635000e+01
   1.0000000e-01   5.0000000e-01   9.0000000e-01   2.3333000e-01   8.8333000e+01
   2.0000000e-01   9.0000000e-01   5.0000000e-01   2.0000000e-01   1.0000000e+02
   3.0000000e-01   9.0000000e-01   1.0000000e-01   1.0278000e-01   5.2290000e+01
   3.0000000e-01   1.0000000e-01   1.0000000e-01   1.1667000e-01   9.4200000e+01
   2.0000000e-01   7.0000000e-01   9.0000000e-01   1.1667000e-01   3.1785000e+01
   1.0000000e-01   3.0000000e-01   1.0000000e-01   2.0000000e-01   9.7500000e+01
   2.0000000e-01   9.0000000e-01   1.0000000e-01   1.0556000e-01   7.9546000e+01
   4.0000000e-01   7.0000000e-01   9.0000000e-01   1.0278000e-01   8.7050000e+00
   4.0000000e-01   3.0000000e-01   9.0000000e-01   5.0000000e-01   9.2500000e+01
   2.0000000e-01   3.0000000e-01   9.0000000e-01   2.6667000e-01   9.2500000e+01
   1.0000000e-01   9.0000000e-01   1.0000000e-01   2.0000000e-01   9.3000000e+01
   4.0000000e-01   5.0000000e-01   3.0000000e-01   3.0000000e-01   1.0000000e+02
   4.0000000e-01   5.0000000e-01   7.0000000e-01   1.3333000e-01   4.6820000e+01
   1.0000000e-01   1.0000000e-01   3.0000000e-01   3.0000000e-01   1.0000000e+02
   1.0000000e-01   9.0000000e-01   7.0000000e-01   1.3333000e-01   4.1924000e+01
   1.0000000e-01   9.0000000e-01   3.0000000e-01   1.0278000e-01   2.4837000e+01
   4.0000000e-01   9.0000000e-01   9.0000000e-01   1.3333000e-01   1.8364000e+01
   3.0000000e-01   7.0000000e-01   5.0000000e-01   1.6667000e-01   9.9067000e+01
   2.0000000e-01   9.0000000e-01   3.0000000e-01   3.0000000e-01   9.9000000e+01
   3.0000000e-01   5.0000000e-01   9.0000000e-01   9.0000000e-01   9.1215000e+01
   1.0000000e-01   3.0000000e-01   7.0000000e-01   9.0000000e-01   1.0000000e+02
   4.0000000e-01   5.0000000e-01   3.0000000e-01   2.6667000e-01   1.0000000e+02
   3.0000000e-01   7.0000000e-01   3.0000000e-01   1.0000000e-01   0.0000000e+00
   2.0000000e-01   5.0000000e-01   9.0000000e-01   1.0278000e-01   1.1388000e+01
   1.0000000e-01   5.0000000e-01   3.0000000e-01   1.3333000e-01   2.6263000e+01
   1.0000000e-01   1.0000000e-01   3.0000000e-01   9.0000000e-01   1.0000000e+02
   2.0000000e-01   9.0000000e-01   1.0000000e-01   2.6667000e-01   9.9000000e+01
   4.0000000e-01   9.0000000e-01   9.0000000e-01   2.6667000e-01   9.2000000e+01
   1.0000000e-01   1.0000000e-01   3.0000000e-01   1.0556000e-01   3.3145000e+01
   1.0000000e-01   7.0000000e-01   3.0000000e-01   1.1667000e-01   3.1919000e+01
   1.0000000e-01   5.0000000e-01   3.0000000e-01   1.1667000e-01   2.1650000e+01
   2.0000000e-01   9.0000000e-01   7.0000000e-01   5.0000000e-01   9.7000000e+01
   3.0000000e-01   7.0000000e-01   5.0000000e-01   2.6667000e-01   9.9211000e+01
   1.0000000e-01   3.0000000e-01   1.0000000e-01   1.0278000e-01   2.5045000e+01
   1.0000000e-01   9.0000000e-01   9.0000000e-01   9.0000000e-01   9.2000000e+01
   4.0000000e-01   3.0000000e-01   3.0000000e-01   1.3333000e-01   7.7802000e+01
   3.0000000e-01   3.0000000e-01   9.0000000e-01   1.0000000e-01   0.0000000e+00
   3.0000000e-01   7.0000000e-01   9.0000000e-01   1.1667000e-01   8.7968000e+01
   3.0000000e-01   7.0000000e-01   1.0000000e-01   5.0000000e-01   9.9290000e+01
   4.0000000e-01   1.0000000e-01   5.0000000e-01   1.6667000e-01   9.0000000e+01
   1.0000000e-01   5.0000000e-01   1.0000000e-01   2.0000000e-01   9.1667000e+01
   3.0000000e-01   7.0000000e-01   9.0000000e-01   1.0278000e-01   3.5097000e+01
   2.0000000e-01   5.0000000e-01   5.0000000e-01   2.3333000e-01   9.5000000e+01
   3.0000000e-01   3.0000000e-01   5.0000000e-01   1.6667000e-01   9.7513000e+01
   2.0000000e-01   7.0000000e-01   7.0000000e-01   3.0000000e-01   9.8750000e+01
   1.0000000e-01   7.0000000e-01   5.0000000e-01   1.0000000e-01   0.0000000e+00
   2.0000000e-01   1.0000000e-01   5.0000000e-01   5.0000000e-01   1.0000000e+02
   2.0000000e-01   9.0000000e-01   1.0000000e-01   5.0000000e-01   1.0000000e+02
   2.0000000e-01   5.0000000e-01   9.0000000e-01   2.3333000e-01   8.3068000e+01
   2.0000000e-01   5.0000000e-01   9.0000000e-01   2.0000000e-01   8.8963000e+01
   4.0000000e-01   1.0000000e-01   9.0000000e-01   2.6667000e-01   8.5590000e+01
   4.0000000e-01   1.0000000e-01   3.0000000e-01   5.0000000e-01   1.0000000e+02
   1.0000000e-01   1.0000000e-01   1.0000000e-01   5.0000000e-01   1.0000000e+02
   1.0000000e-01   5.0000000e-01   1.0000000e-01   3.0000000e-01   1.0000000e+02
   2.0000000e-01   3.0000000e-01   5.0000000e-01   1.0000000e-01   0.0000000e+00
   3.0000000e-01   7.0000000e-01   5.0000000e-01   3.0000000e-01   9.9374000e+01
   4.0000000e-01   9.0000000e-01   3.0000000e-01   3.0000000e-01   9.7000000e+01
   2.0000000e-01   5.0000000e-01   9.0000000e-01   1.0556000e-01   1.3713000e+01
   2.0000000e-01   1.0000000e-01   1.0000000e-01   2.0000000e-01   9.5000000e+01
   4.0000000e-01   1.0000000e-01   9.0000000e-01   1.1667000e-01   2.7475000e+01
   1.0000000e-01   9.0000000e-01   3.0000000e-01   1.6667000e-01   6.7633000e+01
   4.0000000e-01   1.0000000e-01   3.0000000e-01   1.0278000e-01   2.8400000e+01
   1.0000000e-01   9.0000000e-01   1.0000000e-01   1.0000000e-01   0.0000000e+00
   1.0000000e-01   3.0000000e-01   1.0000000e-01   2.3333000e-01   1.0000000e+02
   3.0000000e-01   1.0000000e-01   1.0000000e-01   1.0556000e-01   7.8200000e+01
   1.0000000e-01   9.0000000e-01   7.0000000e-01   1.6667000e-01   6.6849000e+01
   3.0000000e-01   5.0000000e-01   7.0000000e-01   1.6667000e-01   9.7052000e+01
   1.0000000e-01   3.0000000e-01   1.0000000e-01   1.6667000e-01   9.2500000e+01
   2.0000000e-01   5.0000000e-01   5.0000000e-01   2.6667000e-01   9.5000000e+01
   4.0000000e-01   1.0000000e-01   1.0000000e-01   9.0000000e-01   1.0000000e+02
   1.0000000e-01   9.0000000e-01   7.0000000e-01   2.6667000e-01   9.3000000e+01
   3.0000000e-01   9.0000000e-01   9.0000000e-01   2.0000000e-01   9.7499000e+01
   2.0000000e-01   1.0000000e-01   5.0000000e-01   1.6667000e-01   9.2525000e+01
   1.0000000e-01   9.0000000e-01   1.0000000e-01   1.3333000e-01   5.3709000e+01
   1.0000000e-01   1.0000000e-01   5.0000000e-01   2.6667000e-01   9.5000000e+01
   3.0000000e-01   3.0000000e-01   9.0000000e-01   2.6667000e-01   9.1998000e+01
   3.0000000e-01   5.0000000e-01   5.0000000e-01   2.0000000e-01   9.6640000e+01
   1.0000000e-01   5.0000000e-01   7.0000000e-01   1.3333000e-01   4.6820000e+01
   3.0000000e-01   3.0000000e-01   3.0000000e-01   5.0000000e-01   9.6823000e+01
   2.0000000e-01   3.0000000e-01   7.0000000e-01   1.6667000e-01   8.7765000e+01
   2.0000000e-01   7.0000000e-01   7.0000000e-01   1.0000000e-01   0.0000000e+00
   2.0000000e-01   3.0000000e-01   1.0000000e-01   1.0000000e-01   0.0000000e+00
   3.0000000e-01   5.0000000e-01   9.0000000e-01   1.0278000e-01   3.0923000e+01
   2.0000000e-01   5.0000000e-01   7.0000000e-01   2.6667000e-01   9.3333000e+01
   4.0000000e-01   9.0000000e-01   5.0000000e-01   1.3333000e-01   4.0569000e+01
   3.0000000e-01   3.0000000e-01   5.0000000e-01   1.0556000e-01   8.0645000e+01
   2.0000000e-01   1.0000000e-01   1.0000000e-01   1.0556000e-01   7.4200000e+01
   2.0000000e-01   1.0000000e-01   3.0000000e-01   1.6667000e-01   9.5000000e+01
   3.0000000e-01   1.0000000e-01   9.0000000e-01   2.0000000e-01   6.8040000e+01
   4.0000000e-01   1.0000000e-01   9.0000000e-01   1.0000000e-01   0.0000000e+00
   2.0000000e-01   1.0000000e-01   3.0000000e-01   1.0556000e-01   7.5665000e+01
   3.0000000e-01   9.0000000e-01   3.0000000e-01   3.0000000e-01   9.8339000e+01
   1.0000000e-01   3.0000000e-01   5.0000000e-01   3.0000000e-01   9.7500000e+01
   4.0000000e-01   3.0000000e-01   1.0000000e-01   1.1667000e-01   5.4278000e+01
   3.0000000e-01   1.0000000e-01   3.0000000e-01   2.0000000e-01   9.8585000e+01
   3.0000000e-01   9.0000000e-01   7.0000000e-01   5.0000000e-01   9.9540000e+01
   1.0000000e-01   3.0000000e-01   9.0000000e-01   9.0000000e-01   9.2500000e+01
   4.0000000e-01   1.0000000e-01   5.0000000e-01   3.0000000e-01   1.0000000e+02
   1.0000000e-01   3.0000000e-01   9.0000000e-01   5.0000000e-01   9.2500000e+01
   1.0000000e-01   7.0000000e-01   3.0000000e-01   1.3333000e-01   3.7404000e+01
   2.0000000e-01   3.0000000e-01   3.0000000e-01   3.0000000e-01   9.7500000e+01
   1.0000000e-01   1.0000000e-01   5.0000000e-01   1.0556000e-01   4.1370000e+01
   1.0000000e-01   3.0000000e-01   5.0000000e-01   1.6667000e-01   8.4285000e+01
   2.0000000e-01   9.0000000e-01   9.0000000e-01   1.6667000e-01   9.4000000e+01
   2.0000000e-01   5.0000000e-01   3.0000000e-01   2.6667000e-01   9.5000000e+01
   2.0000000e-01   3.0000000e-01   7.0000000e-01   1.0278000e-01   4.4620000e+01
   2.0000000e-01   1.0000000e-01   3.0000000e-01   3.0000000e-01   9.5000000e+01
   4.0000000e-01   3.0000000e-01   9.0000000e-01   1.1667000e-01   1.6142000e+01
   3.0000000e-01   5.0000000e-01   7.0000000e-01   1.3333000e-01   9.7302000e+01
   1.0000000e-01   1.0000000e-01   7.0000000e-01   2.0000000e-01   7.6210000e+01
   1.0000000e-01   9.0000000e-01   5.0000000e-01   2.0000000e-01   8.0666000e+01
   2.0000000e-01   1.0000000e-01   5.0000000e-01   1.1667000e-01   8.7940000e+01
   1.0000000e-01   7.0000000e-01   9.0000000e-01   2.0000000e-01   4.9672000e+01
   3.0000000e-01   7.0000000e-01   5.0000000e-01   5.0000000e-01   9.9310000e+01
   1.0000000e-01   7.0000000e-01   1.0000000e-01   1.1667000e-01   4.9046000e+01
   4.0000000e-01   9.0000000e-01   7.0000000e-01   1.1667000e-01   3.5245000e+01
   3.0000000e-01   5.0000000e-01   3.0000000e-01   2.6667000e-01   9.7337000e+01
   3.0000000e-01   1.0000000e-01   9.0000000e-01   5.0000000e-01   7.5380000e+01
   1.0000000e-01   7.0000000e-01   7.0000000e-01   1.1667000e-01   2.8806000e+01
   1.0000000e-01   1.0000000e-01   5.0000000e-01   9.0000000e-01   1.0000000e+02
   4.0000000e-01   7.0000000e-01   5.0000000e-01   1.1667000e-01   2.6233000e+01
   2.0000000e-01   1.0000000e-01   3.0000000e-01   2.0000000e-01   9.5000000e+01
   2.0000000e-01   3.0000000e-01   7.0000000e-01   1.3333000e-01   8.7532000e+01
   4.0000000e-01   1.0000000e-01   1.0000000e-01   5.0000000e-01   1.0000000e+02
   4.0000000e-01   3.0000000e-01   7.0000000e-01   5.0000000e-01   1.0000000e+02
   2.0000000e-01   7.0000000e-01   3.0000000e-01   2.6667000e-01   9.6250000e+01
   4.0000000e-01   5.0000000e-01   9.0000000e-01   1.0556000e-01   6.3350000e+00
   4.0000000e-01   9.0000000e-01   7.0000000e-01   1.3333000e-01   4.1924000e+01
   2.0000000e-01   1.0000000e-01   7.0000000e-01   9.0000000e-01   1.0000000e+02
   2.0000000e-01   5.0000000e-01   7.0000000e-01   1.0000000e-01   0.0000000e+00
   1.0000000e-01   7.0000000e-01   3.0000000e-01   2.6667000e-01   1.0000000e+02
   4.0000000e-01   5.0000000e-01   9.0000000e-01   1.1667000e-01   2.4233000e+01
   2.0000000e-01   1.0000000e-01   9.0000000e-01   1.1667000e-01   6.1105000e+01
   3.0000000e-01   9.0000000e-01   9.0000000e-01   1.0556000e-01   4.5955000e+01
   4.0000000e-01   3.0000000e-01   9.0000000e-01   2.6667000e-01   8.8853000e+01
   1.0000000e-01   7.0000000e-01   1.0000000e-01   2.0000000e-01   9.1250000e+01
   4.0000000e-01   5.0000000e-01   3.0000000e-01   1.6667000e-01   7.0508000e+01
   3.0000000e-01   9.0000000e-01   5.0000000e-01   2.0000000e-01   9.9973000e+01
   1.0000000e-01   5.0000000e-01   3.0000000e-01   2.3333000e-01   1.0000000e+02
   1.0000000e-01   7.0000000e-01   3.0000000e-01   9.0000000e-01   1.0000000e+02
   1.0000000e-01   1.0000000e-01   1.0000000e-01   2.3333000e-01   1.0000000e+02
   1.0000000e-01   3.0000000e-01   3.0000000e-01   2.0000000e-01   9.5000000e+01
   2.0000000e-01   7.0000000e-01   3.0000000e-01   1.1667000e-01   4.7164000e+01
   4.0000000e-01   5.0000000e-01   5.0000000e-01   5.0000000e-01   1.0000000e+02
   3.0000000e-01   1.0000000e-01   9.0000000e-01   1.0278000e-01   3.3595000e+01
   3.0000000e-01   7.0000000e-01   3.0000000e-01   1.6667000e-01   9.7032000e+01
   2.0000000e-01   1.0000000e-01   7.0000000e-01   1.6667000e-01   9.2055000e+01
   1.0000000e-01   1.0000000e-01   3.0000000e-01   1.1667000e-01   5.4155000e+01
   1.0000000e-01   1.0000000e-01   3.0000000e-01   1.0000000e-01   0.0000000e+00
   1.0000000e-01   9.0000000e-01   9.0000000e-01   2.0000000e-01   3.9239000e+01
   3.0000000e-01   5.0000000e-01   7.0000000e-01   1.1667000e-01   9.2677000e+01
   2.0000000e-01   9.0000000e-01   3.0000000e-01   1.0000000e-01   0.0000000e+00
   1.0000000e-01   5.0000000e-01   1.0000000e-01   1.6667000e-01   8.0393000e+01
   3.0000000e-01   5.0000000e-01   3.0000000e-01   1.0556000e-01   7.4040000e+01
   4.0000000e-01   5.0000000e-01   9.0000000e-01   3.0000000e-01   9.0000000e+01
   3.0000000e-01   1.0000000e-01   1.0000000e-01   2.6667000e-01   9.8300000e+01
   2.0000000e-01   7.0000000e-01   3.0000000e-01   1.0556000e-01   2.9210000e+01
   1.0000000e-01   9.0000000e-01   5.0000000e-01   9.0000000e-01   9.8000000e+01
   1.0000000e-01   9.0000000e-01   1.0000000e-01   1.1667000e-01   5.0870000e+01
   2.0000000e-01   5.0000000e-01   1.0000000e-01   5.0000000e-01   9.8333000e+01
   2.0000000e-01   3.0000000e-01   1.0000000e-01   9.0000000e-01   9.7500000e+01
   3.0000000e-01   9.0000000e-01   3.0000000e-01   1.3333000e-01   9.6272000e+01
   1.0000000e-01   1.0000000e-01   7.0000000e-01   1.0000000e-01   0.0000000e+00
   4.0000000e-01   9.0000000e-01   9.0000000e-01   1.0278000e-01   6.0140000e+00
   2.0000000e-01   5.0000000e-01   7.0000000e-01   3.0000000e-01   9.8333000e+01
   3.0000000e-01   9.0000000e-01   5.0000000e-01   5.0000000e-01   9.9055000e+01
   3.0000000e-01   5.0000000e-01   7.0000000e-01   1.0278000e-01   4.4177000e+01
   3.0000000e-01   1.0000000e-01   7.0000000e-01   1.6667000e-01   9.8830000e+01
   2.0000000e-01   9.0000000e-01   3.0000000e-01   2.6667000e-01   9.9000000e+01
   3.0000000e-01   7.0000000e-01   1.0000000e-01   1.0556000e-01   7.3836000e+01
   4.0000000e-01   5.0000000e-01   9.0000000e-01   5.0000000e-01   9.1667000e+01
   1.0000000e-01   5.0000000e-01   7.0000000e-01   1.0000000e-01   0.0000000e+00
   2.0000000e-01   3.0000000e-01   9.0000000e-01   2.0000000e-01   9.2500000e+01
   3.0000000e-01   3.0000000e-01   5.0000000e-01   2.6667000e-01   9.8075000e+01
   2.0000000e-01   1.0000000e-01   3.0000000e-01   5.0000000e-01   1.0000000e+02
   3.0000000e-01   5.0000000e-01   7.0000000e-01   3.0000000e-01   9.8933000e+01
   2.0000000e-01   1.0000000e-01   5.0000000e-01   1.0278000e-01   5.7035000e+01
   1.0000000e-01   5.0000000e-01   7.0000000e-01   2.6667000e-01   9.3333000e+01
   4.0000000e-01   3.0000000e-01   1.0000000e-01   1.6667000e-01   9.2500000e+01
   2.0000000e-01   7.0000000e-01   3.0000000e-01   5.0000000e-01   9.6250000e+01
   4.0000000e-01   9.0000000e-01   3.0000000e-01   1.1667000e-01   3.9563000e+01
   3.0000000e-01   7.0000000e-01   1.0000000e-01   1.1667000e-01   8.7975000e+01
   4.0000000e-01   7.0000000e-01   3.0000000e-01   1.3333000e-01   3.7404000e+01
   1.0000000e-01   7.0000000e-01   9.0000000e-01   1.3333000e-01   3.4879000e+01
   3.0000000e-01   5.0000000e-01   9.0000000e-01   1.0000000e-01   0.0000000e+00
   3.0000000e-01   1.0000000e-01   9.0000000e-01   1.1667000e-01   7.4610000e+01
   2.0000000e-01   1.0000000e-01   3.0000000e-01   1.1667000e-01   9.0000000e+01
   4.0000000e-01   5.0000000e-01   3.0000000e-01   1.1667000e-01   2.1650000e+01
   2.0000000e-01   9.0000000e-01   9.0000000e-01   2.3333000e-01   9.7000000e+01
   2.0000000e-01   3.0000000e-01   5.0000000e-01   1.0556000e-01   7.7425000e+01
   1.0000000e-01   5.0000000e-01   9.0000000e-01   1.1667000e-01   2.4233000e+01
   3.0000000e-01   9.0000000e-01   9.0000000e-01   1.0000000e-01   0.0000000e+00
   1.0000000e-01   7.0000000e-01   9.0000000e-01   3.0000000e-01   9.0000000e+01
   1.0000000e-01   1.0000000e-01   5.0000000e-01   1.6667000e-01   9.0000000e+01
   2.0000000e-01   7.0000000e-01   5.0000000e-01   2.0000000e-01   9.5000000e+01
   2.0000000e-01   3.0000000e-01   9.0000000e-01   1.0556000e-01   3.5700000e+01
   1.0000000e-01   1.0000000e-01   1.0000000e-01   1.6667000e-01   9.5000000e+01
   3.0000000e-01   9.0000000e-01   1.0000000e-01   1.0556000e-01   7.2696000e+01
   3.0000000e-01   3.0000000e-01   7.0000000e-01   3.0000000e-01   9.8495000e+01
   3.0000000e-01   7.0000000e-01   5.0000000e-01   2.0000000e-01   9.9045000e+01
   3.0000000e-01   7.0000000e-01   3.0000000e-01   1.3333000e-01   9.7865000e+01
   3.0000000e-01   1.0000000e-01   7.0000000e-01   5.0000000e-01   9.6275000e+01
   1.0000000e-01   3.0000000e-01   5.0000000e-01   1.0556000e-01   2.4422000e+01
   1.0000000e-01   5.0000000e-01   9.0000000e-01   1.0000000e-01   0.0000000e+00
   4.0000000e-01   1.0000000e-01   5.0000000e-01   2.6667000e-01   9.5000000e+01
   3.0000000e-01   9.0000000e-01   7.0000000e-01   1.6667000e-01   9.8922000e+01
